2.669258861767707635e-06
2.494519688273789271e-06
3.391882235379433190e-06
3.387119078368515344e-06
3.381953801662967602e-06
3.405798568590085884e-06
3.430779478542983833e-06
3.445213007594096124e-06
3.472749740317527480e-06
3.481730919547035988e-06
3.505717974956303517e-06
3.537653991351944832e-06
3.536339402337879664e-06
3.559700033127250606e-06
3.571406084169112098e-06
3.582983741867295283e-06
3.596055489414198234e-06
2.728518051532681816e-06
2.900833193002264812e-06
2.929065496286875477e-06
2.899769860600078480e-06
2.877625013076557573e-06
2.480663481864109351e-06
2.751481008728994640e-06
2.658713067629849594e-06
2.474060085278102202e-06
2.426085149858865329e-06
2.475945293487018703e-06
2.604512254369096292e-06
2.652839022726711205e-06
2.865242712248512734e-06
2.775624441807182785e-06
3.715755734223140459e-06
3.740024699869324843e-06
3.812144363424161475e-06
2.520834718452809007e-06
2.452593563589022133e-06
3.916132615347540919e-06
2.546246967358911242e-06
3.883079698747900423e-06
3.888155331119258170e-06
3.866065636061445035e-06
2.500080180822391589e-06
2.414852381107987710e-06
3.722066646217311212e-06
3.732682739029180735e-06
3.787747329058161747e-06
3.922625176992807520e-06
3.912785099232263517e-06
2.461832345528062573e-06
3.899804144312091107e-06
3.855784682807345765e-06
3.876371006618114589e-06
3.892887443496326482e-06
2.615295618864659027e-06
2.738171815492463083e-06
2.671971728216436332e-06
2.472105349279254311e-06
2.716832391415991698e-06
2.741107600840980832e-06
2.496156626448556378e-06
2.748172916927982841e-06
2.653217600766243964e-06
2.719539481927982545e-06
3.720270333211762515e-06
2.417006693521864976e-06
3.898784597637586874e-06
2.911749901733254474e-06
3.919331721291309963e-06
2.678216864880046708e-06
2.466319226937870954e-06
3.917335431510697393e-06
3.880796546880232549e-06
3.858136565849333419e-06
3.849952436553836122e-06
3.835542039303168005e-06
3.812843642921039345e-06
3.831110484046934057e-06
2.414044183037147440e-06
2.413352760560911783e-06
2.465683133351177395e-06
2.710904115868443353e-06
3.910231533567964593e-06
3.880954732739083144e-06
3.885119014522835342e-06
2.520550407175476688e-06
2.607553042431881291e-06
2.649481591339098662e-06
3.734345892693615804e-06
2.510231262334185650e-06
2.605514969411989905e-06
3.912916613114850326e-06
2.446496118533473523e-06
3.882450648342906262e-06
3.810036403711421243e-06
3.816585086764939699e-06
3.865066049749058804e-06
2.490099230015878112e-06
2.449942967929161840e-06
2.516422539162221079e-06
2.534980171381034003e-06
2.608494262912322070e-06
2.466617775461732505e-06
3.731323607711059110e-06
3.811512758592283726e-06
2.588343935948884936e-06
3.920148678528775282e-06
2.439218616824884792e-06
3.927937242710779552e-06
2.419000637783832990e-06
3.896024498955729489e-06
3.804787693948952307e-06
3.782350118100997339e-06
2.778887184267982457e-06
2.555561989342404397e-06
2.594093755633650286e-06
2.450875163756295301e-06
3.916477850487208710e-06
3.867691918223486204e-06
2.419898716421161627e-06
2.427156762918113296e-06
2.570980675989398775e-06
2.524695098348620075e-06
2.505613970197293723e-06
3.817407947641946153e-06
2.598346263089488998e-06
2.758012486870012398e-06
3.772200679553157080e-06
3.749244112316399802e-06
3.752498768936088558e-06
2.596297783462782518e-06
2.640452419182603201e-06
2.663818012995776090e-06
2.642406749167744838e-06
2.590306042192178754e-06
2.680810545646613358e-06
3.888327896521802023e-06
3.906414651391399825e-06
2.515379191814252447e-06
2.591916660665122026e-06
2.582342412063431269e-06
2.684815590549962948e-06
3.692367629274786591e-06
3.713217945081568489e-06
2.701433960444739766e-06
2.650764034405335199e-06
2.627179569049185425e-06
2.517399509693916967e-06
2.575756975463322221e-06
3.872614749339734772e-06
2.498645002412481830e-06
2.514250263075592085e-06
2.590198925928676770e-06
2.594697774879765356e-06
2.511396426279714163e-06
2.471040212903320303e-06
2.511590379961035275e-06
2.417307704554625442e-06
2.606815671564206488e-06
3.791313132797533413e-06
3.641730703111924706e-06
3.651563991133537537e-06
3.939346485294597723e-06
3.793115693719006261e-06
2.752708052500049618e-06
2.767863154990419283e-06
2.465681924513138097e-06
2.683398221020697474e-06
3.840028649987182732e-06
2.450942158500866618e-06
2.593942235723666681e-06
2.556682311832473629e-06
2.485769582538978469e-06
3.841183626544667027e-06
2.487582591954454691e-06
2.703855648119114970e-06
3.847972207833635345e-06
3.650150902244870232e-06
2.747771094436923462e-06
2.841472152770697508e-06
2.444146681400032759e-06
2.761664409543545834e-06
2.787666144935323865e-06
2.718046237241500076e-06
2.639251338051972838e-06
2.471456892484715747e-06
3.893359329913304830e-06
3.895351991193720696e-06
2.422002004968063287e-06
2.491853259556267056e-06
3.714132393168341682e-06
3.692960140368645978e-06
3.703702528406646611e-06
3.690575013921143425e-06
3.579685291135135119e-06
3.581514912742838813e-06
3.571338903848383323e-06
3.582208015420749792e-06
3.601003130524614981e-06
3.630545592157344853e-06
3.651046991686490726e-06
3.647086565877919219e-06
3.678627346943949306e-06
2.772421679952613376e-06
2.882908250768309311e-06
2.829796316936142691e-06
2.869330538024738257e-06
2.813660696696370344e-06
2.776761014699893653e-06
2.808154819447067133e-06
3.789813525888938157e-06
3.730945876315770610e-06
3.705361842138705873e-06
3.682015696147623698e-06
3.668035209176238333e-06
3.657305038049036826e-06
3.608867005503319613e-06
3.574774009632390681e-06
3.543938826140042589e-06
3.552446853768267026e-06
3.563090216122971721e-06
3.553374282355145909e-06
3.580642248288848414e-06
3.592092369326015825e-06
3.618770106718478927e-06
2.916753989879498906e-06
2.943920426775518455e-06
2.864401235371859302e-06
2.877121677662442994e-06
2.852804900858001616e-06
2.913401971737886378e-06
2.490923033125896794e-06
3.651765103188194693e-06
3.631804468583398824e-06
3.630974710892920958e-06
3.669819185104489591e-06
3.581798162765158380e-06
3.562834333516780660e-06
3.575488733569836340e-06
3.566995652090404047e-06
2.488872938960013896e-06
2.941116275215211539e-06
2.957416984988461655e-06
2.964831434193288121e-06
2.968968480833330794e-06
2.959461239672502126e-06
2.885417486524714092e-06
3.602173373709679224e-06
3.581920172817553101e-06
3.425943951159154073e-06
3.491062857736279752e-06
3.468332649449186293e-06
2.762080561068008161e-06
2.739402982798243423e-06
2.690071935634759110e-06
2.674340705607164778e-06
3.887867148146434549e-06
2.536005198811939479e-06
3.670370239559003817e-06
3.021047374531443790e-06
2.980684499758923622e-06
2.566820118401781247e-06
2.961316112931711600e-06
2.936754115104038603e-06
2.726687406231704519e-06
2.792879094450927890e-06
2.832173006231635010e-06
2.947868017172543257e-06
2.823420071103243581e-06
2.759277923527054451e-06
2.765856537776749386e-06
2.755461606998352400e-06
2.727712181290912813e-06
2.814779085021641241e-06
2.968410986089401859e-06
3.005769550374806531e-06
2.997713990569902232e-06
2.633164543174729627e-06
2.965445623475051678e-06
2.942698255234697083e-06
2.950379709879729408e-06
2.884726390444234375e-06
2.879944240265058758e-06
2.833914534841070767e-06
2.849275278800116088e-06
2.851288428089040605e-06
2.840755593920626700e-06
2.844714986570005311e-06
2.869837721501207996e-06
2.796065948947608728e-06
2.725072847137585084e-06
2.828105156422694575e-06
2.794763698973099972e-06
2.741768914529107863e-06
2.855965592850592995e-06
2.984530126368611995e-06
3.057879382882409216e-06
2.508180387838583031e-06
3.025835911141682181e-06
3.022632153233235322e-06
2.989965850665220885e-06
3.003279135639256105e-06
2.947237417147827174e-06
2.932260586382724460e-06
2.902168744989294298e-06
2.875438818866721830e-06
2.896060356354604707e-06
2.900853257770089104e-06
2.883996535831398487e-06
2.908542674002158434e-06
2.877903746777243194e-06
2.922467676348249579e-06
2.781923311009277934e-06
2.906290947119935532e-06
2.866088499327413246e-06
2.868152137535872257e-06
2.896111564597455662e-06
2.943855317544398561e-06
2.989057380510392280e-06
2.991209492864295021e-06
3.023251216909128496e-06
2.993689557251104554e-06
2.958711555563229719e-06
2.969885205628468533e-06
2.999055301618873364e-06
3.843473887697604857e-06
2.913915149877750135e-06
2.897018803330124827e-06
2.909710033059231890e-06
2.894655530045928077e-06
2.907515075355775709e-06
2.861951194138052465e-06
3.830429180189551751e-06
2.881003791244927535e-06
2.894105216707202872e-06
2.884590645981568178e-06
2.830968119700974983e-06
2.819671575307158914e-06
2.950665784530832104e-06
2.432947831324048552e-06
3.008891390941206499e-06
2.929794962531445020e-06
2.954646298734963787e-06
2.885348795199310461e-06
2.874543229210133810e-06
2.966713275759162903e-06
2.924000310125562831e-06
2.944024505385136939e-06
2.971877304506134924e-06
2.941569835082157411e-06
2.490485657874329091e-06
2.837416167619031184e-06
2.891026298589814279e-06
2.905955586032288723e-06
2.937602109627637829e-06
2.961158399438884288e-06
2.864952469584557711e-06
2.880595453685903057e-06
2.823262804122376671e-06
2.870693467264228132e-06
2.924528628961005673e-06
2.969275560088506854e-06
2.976861828011774026e-06
2.980864570994928003e-06
3.000065533431224995e-06
2.980156043271041826e-06
2.440267592583554799e-06
2.884459616358583900e-06
2.899382282365806033e-06
2.951018197759241835e-06
2.818332420692108135e-06
2.953165638687358792e-06
2.903356871533178816e-06
2.858469585620520590e-06
2.872464869256387941e-06
2.909390602952764729e-06
2.900644604127775169e-06
2.906545760273011863e-06
2.892658238725690584e-06
2.936579856761703439e-06
2.914638423063765225e-06
2.998220433411016649e-06
2.943129156622493115e-06
2.982798442043199224e-06
2.970338572108221498e-06
3.057001709956456339e-06
2.519024523032720522e-06
2.945720507125816556e-06
2.969736177649422243e-06
2.803479681972836625e-06
2.897441176492438129e-06
2.915969035808607428e-06
2.926005149054546764e-06
2.944018707278149833e-06
2.931971951768288157e-06
2.879968127909187016e-06
2.931596341252991570e-06
2.980383479395955058e-06
2.956552380422279639e-06
2.983162004499012417e-06
2.969369069967554119e-06
2.906193028954571328e-06
2.993317908538302515e-06
2.896035187218145019e-06
2.805784323263060356e-06
2.859093527400840340e-06
2.618041318913952705e-06
2.806933074782348094e-06
2.901152516123776901e-06
2.890915404789878664e-06
2.848099950369647213e-06
2.928087780869146546e-06
2.879444796310134114e-06
2.851987428429235743e-06
2.914764771483480296e-06
2.961449241287970382e-06
3.005162741628711358e-06
2.990794102646610777e-06
3.037086856232435870e-06
2.976693966479558022e-06
2.900000209067165469e-06
2.859816565702947112e-06
2.858889072520808816e-06
3.745318190570330234e-06
3.668843316030687084e-06
2.899460843938881268e-06
2.882640077849530581e-06
2.870591739169348872e-06
2.887649046995094657e-06
2.882529217557900722e-06
2.885478709525737154e-06
2.876670580491928284e-06
2.757106950173500985e-06
2.770130369983495784e-06
3.905137606123934828e-06
2.868467528351235435e-06
2.810934590266065714e-06
2.875521839437513227e-06
2.949258979679730211e-06
2.901661991289974927e-06
2.958690853255512044e-06
2.873116194597085964e-06
2.860029080416740388e-06
2.861235782086864726e-06
2.840907424962170154e-06
2.812689278477016819e-06
3.671890158436926306e-06
3.680040417128991147e-06
3.514386288738586889e-06
3.373500091415542067e-06
3.349029331792828160e-06
3.408536981106637062e-06
3.407806088389427914e-06
3.460115774607503425e-06
3.520958718560902894e-06
3.544778603937073314e-06
3.543045725769308313e-06
3.567198229624197374e-06
2.864403237832737403e-06
2.952308582243838011e-06
2.845600306755927316e-06
2.834011208910137635e-06
3.616831614143087529e-06
3.647864118404528018e-06
3.531022018982847253e-06
3.434111555884169373e-06
3.363450821868652483e-06
3.346155983144915830e-06
3.364932378214833489e-06
3.377715366382237929e-06
3.385496792669562006e-06
3.410382176883980658e-06
3.427415070905243836e-06
3.450164183837587477e-06
3.516255634196032547e-06
3.512314035472763825e-06
3.536671426843610360e-06
3.558020591549674315e-06
2.835964351817252115e-06
2.930846090160695776e-06
2.925405443470570347e-06
2.940033568970694697e-06
2.912858902892630305e-06
2.909228812613306425e-06
3.560673879145600162e-06
3.540067927497584435e-06
2.747919602037864640e-06
2.460121416582432703e-06
2.710614859187922459e-06
2.805139308150438890e-06
2.794703665688876820e-06
2.843636477690222423e-06
2.807356764238218568e-06
2.803536638212849695e-06
2.839316708841301194e-06
2.741178583719567651e-06
2.689449034118276109e-06
2.598604816410133448e-06
2.757743093651265653e-06
2.680303123992959769e-06
2.824514841483063912e-06
2.833615184983095964e-06
2.877663825983663126e-06
2.861350138125577723e-06
2.858747803976300045e-06
2.904119866304618172e-06
2.803258003566560994e-06
2.847948251080413169e-06
2.833910339169749646e-06
3.574431682294056354e-06
3.553226598596057775e-06
3.533855564898201271e-06
3.443313802752261410e-06
3.402614813285016941e-06
3.381813017795623617e-06
3.359749295434034064e-06
3.384130882743445403e-06
3.356565142710126323e-06
3.358374470242870006e-06
3.371406049615310832e-06
3.378223125922219441e-06
3.414989864203451377e-06
3.445414508542172853e-06
3.462303141160579380e-06
3.522636895773319544e-06
3.528988708723237516e-06
3.576300539071530568e-06
2.686363563782545241e-06
2.925656363203578012e-06
2.898315869297302343e-06
2.830358930002923035e-06
2.710217323898497143e-06
2.444644246163669690e-06
3.827813386587194655e-06
3.758939814943299011e-06
2.587659176242309392e-06
2.752013066615017324e-06
2.862733772496281934e-06
2.861011294980943248e-06
2.872943325196005952e-06
2.848921336905556835e-06
2.844934456739562799e-06
2.784676328773175796e-06
2.795237389471715970e-06
2.785288131059186081e-06
2.754771395671938077e-06
2.817631099301243643e-06
2.823084114869422032e-06
2.799905164046748771e-06
2.775440409287347964e-06
2.831676650958168044e-06
2.855890967333444260e-06
2.881575732584976757e-06
2.906685656491936521e-06
2.794070934294167639e-06
2.699322479965874687e-06
3.876590573190489108e-06
2.682456384980890741e-06
3.472236292817789047e-06
3.421416745012735186e-06
3.395468982428653586e-06
3.404459930998680952e-06
3.387300337349020358e-06
